2023-10-09 21:45:27 [INFO] Question: plot bar chart for each product line with respect to its sales
2023-10-09 21:45:27 [INFO] Running PandasAI with openai LLM...
2023-10-09 21:45:27 [INFO] Prompt ID: 807f2c2a-a8e3-445e-ba02-083563031d60
2023-10-09 21:45:27 [INFO] Using prompt: 
You are provided with the following pandas DataFrames:

<dataframe>
Dataframe dfs[0], with 1000 rows and 17 columns.
This is the metadata of the dataframe dfs[0]:
Invoice ID,Branch,City,Customer type,Gender,Product line,Unit price,Quantity,Tax 5%,Total,Date,Time,Payment,cogs,gross margin percentage,gross income,Rating
373-73-7910,A,Yangon,Normal,Male,Sports and travel,86.31,7,30.2085,634.3785,2/8/2019,10:37,Ewallet,604.17,4.761904762,30.2085,5.3
226-31-3081,C,Naypyitaw,Normal,Female,Electronic accessories,15.28,5,3.82,80.22,3/8/2019,10:29,Cash,76.4,4.761904762,3.82,9.6
123-19-1176,A,Yangon,Member,Male,Health and beauty,58.22,8,23.288,489.048,1/27/2019,20:33,Ewallet,465.76,4.761904762,23.288,8.4
631-41-3108,A,Yangon,Normal,Male,Home and lifestyle,46.33,7,16.2155,340.5255,3/3/2019,13:23,Credit card,324.31,4.761904762,16.2155,7.4
750-67-8428,A,Yangon,Member,Female,Health and beauty,74.69,7,26.1415,548.9715,1/5/2019,13:08,Ewallet,522.83,4.761904762,26.1415,9.1
</dataframe>

<conversation>
User 1: plot bar chart for each product line with respect to its sales
</conversation>

This is the initial python code to be updated:
```python
# TODO import all the dependencies required
import pandas as pd

def analyze_data(dfs: list[pd.DataFrame]) -> dict:
    """
    Analyze the data
    1. Prepare: Preprocessing and cleaning data if necessary
    2. Process: Manipulating data for analysis (grouping, filtering, aggregating, etc.)
    3. Analyze: Conducting the actual analysis (if the user asks to plot a chart save it to an image in temp_chart.png and do not show the chart.)
    At the end, return a dictionary of:
    - type (possible values "string", "number", "dataframe", "plot")
    - value (can be a string, a dataframe or the path of the plot, NOT a dictionary)
    Examples: 
        { "type": "string", "value": "The highest salary is $9,000." }
        or
        { "type": "number", "value": 125 }
        or
        { "type": "dataframe", "value": pd.DataFrame({...}) }
        or
        { "type": "plot", "value": "temp_chart.png" }
    """
```

Using the provided dataframes (`dfs`), update the python code based on the last question in the conversation.

Updated code:

2023-10-09 21:46:16 [INFO] Code generated:
```
# TODO import all the dependencies required
import pandas as pd
import matplotlib.pyplot as plt

def analyze_data(dfs: list[pd.DataFrame]) -> dict:
    """
    Analyze the data
    1. Prepare: Preprocessing and cleaning data if necessary
    2. Process: Manipulating data for analysis (grouping, filtering, aggregating, etc.)
    3. Analyze: Conducting the actual analysis (if the user asks to plot a chart save it to an image in temp_chart.png and do not show the chart.)
    At the end, return a dictionary of:
    - type (possible values "string", "number", "dataframe", "plot")
    - value (can be a string, a dataframe or the path of the plot, NOT a dictionary)
    Examples: 
        { "type": "string", "value": "The highest salary is $9,000." }
        or
        { "type": "number", "value": 125 }
        or
        { "type": "dataframe", "value": pd.DataFrame({...}) }
        or
        { "type": "plot", "value": "temp_chart.png" }
    """
    # Prepare: No preprocessing or cleaning required
    
    # Process: Grouping the data by product line and calculating the total sales
    product_sales = dfs[0].groupby('Product line')['Total'].sum()
    
    # Analyze: Plotting a bar chart for each product line with respect to its sales
    plt.bar(product_sales.index, product_sales.values)
    plt.xlabel('Product Line')
    plt.ylabel('Sales')
    plt.title('Sales by Product Line')
    plt.xticks(rotation=45)
    plt.savefig('temp_chart.png')
    plt.close()
    
    # Return the path of the plot
    return {"type": "plot", "value": "temp_chart.png"}
```

2023-10-09 21:46:16 [INFO] 
Code running:
```
def analyze_data(dfs: list[pd.DataFrame]) ->dict:
    """
    Analyze the data
    1. Prepare: Preprocessing and cleaning data if necessary
    2. Process: Manipulating data for analysis (grouping, filtering, aggregating, etc.)
    3. Analyze: Conducting the actual analysis (if the user asks to plot a chart save it to an image in temp_chart.png and do not show the chart.)
    At the end, return a dictionary of:
    - type (possible values "string", "number", "dataframe", "plot")
    - value (can be a string, a dataframe or the path of the plot, NOT a dictionary)
    Examples: 
        { "type": "string", "value": "The highest salary is $9,000." }
        or
        { "type": "number", "value": 125 }
        or
        { "type": "dataframe", "value": pd.DataFrame({...}) }
        or
        { "type": "plot", "value": "temp_chart.png" }
    """
    product_sales = dfs[0].groupby('Product line')['Total'].sum()
    plt.bar(product_sales.index, product_sales.values)
    plt.xlabel('Product Line')
    plt.ylabel('Sales')
    plt.title('Sales by Product Line')
    plt.xticks(rotation=45)
    plt.savefig('temp_chart.png')
    plt.close()
    return {'type': 'plot', 'value': 'temp_chart.png'}
        ```
2023-10-09 21:46:17 [INFO] Answer: {'type': 'plot', 'value': 'temp_chart.png'}
2023-10-09 21:46:17 [INFO] Executed in: 50.148319482803345s
2023-10-09 22:08:03 [INFO] Question: dsfa
2023-10-09 22:08:03 [INFO] Running PandasAI with openai LLM...
2023-10-09 22:08:03 [INFO] Prompt ID: b2a2e761-4381-47b3-9d69-6c84b12784b1
2023-10-09 22:08:03 [INFO] Using prompt: 
You are provided with the following pandas DataFrames:

<dataframe>
Dataframe dfs[0], with 1000 rows and 17 columns.
This is the metadata of the dataframe dfs[0]:
Invoice ID,Branch,City,Customer type,Gender,Product line,Unit price,Quantity,Tax 5%,Total,Date,Time,Payment,cogs,gross margin percentage,gross income,Rating
750-67-8428,A,Yangon,Member,Female,Health and beauty,74.69,7,26.1415,548.9715,1/5/2019,13:08,Ewallet,522.83,4.761904762,26.1415,9.1
373-73-7910,A,Yangon,Normal,Male,Sports and travel,86.31,7,30.2085,634.3785,2/8/2019,10:37,Ewallet,604.17,4.761904762,30.2085,5.3
631-41-3108,A,Yangon,Normal,Male,Home and lifestyle,46.33,7,16.2155,340.5255,3/3/2019,13:23,Credit card,324.31,4.761904762,16.2155,7.4
226-31-3081,C,Naypyitaw,Normal,Female,Electronic accessories,15.28,5,3.82,80.22,3/8/2019,10:29,Cash,76.4,4.761904762,3.82,9.6
123-19-1176,A,Yangon,Member,Male,Health and beauty,58.22,8,23.288,489.048,1/27/2019,20:33,Ewallet,465.76,4.761904762,23.288,8.4
</dataframe>

<conversation>
User 1: dsfa
</conversation>

This is the initial python code to be updated:
```python
# TODO import all the dependencies required
import pandas as pd

def analyze_data(dfs: list[pd.DataFrame]) -> dict:
    """
    Analyze the data
    1. Prepare: Preprocessing and cleaning data if necessary
    2. Process: Manipulating data for analysis (grouping, filtering, aggregating, etc.)
    3. Analyze: Conducting the actual analysis (if the user asks to plot a chart save it to an image in temp_chart.png and do not show the chart.)
    At the end, return a dictionary of:
    - type (possible values "string", "number", "dataframe", "plot")
    - value (can be a string, a dataframe or the path of the plot, NOT a dictionary)
    Examples: 
        { "type": "string", "value": "The highest salary is $9,000." }
        or
        { "type": "number", "value": 125 }
        or
        { "type": "dataframe", "value": pd.DataFrame({...}) }
        or
        { "type": "plot", "value": "temp_chart.png" }
    """
```

Using the provided dataframes (`dfs`), update the python code based on the last question in the conversation.

Updated code:

2023-10-09 22:08:46 [INFO] Code generated:
```
# TODO import all the dependencies required
import pandas as pd

def analyze_data(dfs: list[pd.DataFrame]) -> dict:
    """
    Analyze the data
    1. Prepare: Preprocessing and cleaning data if necessary
    2. Process: Manipulating data for analysis (grouping, filtering, aggregating, etc.)
    3. Analyze: Conducting the actual analysis (if the user asks to plot a chart save it to an image in temp_chart.png and do not show the chart.)
    At the end, return a dictionary of:
    - type (possible values "string", "number", "dataframe", "plot")
    - value (can be a string, a dataframe or the path of the plot, NOT a dictionary)
    Examples: 
        { "type": "string", "value": "The highest salary is $9,000." }
        or
        { "type": "number", "value": 125 }
        or
        { "type": "dataframe", "value": pd.DataFrame({...}) }
        or
        { "type": "plot", "value": "temp_chart.png" }
    """
    # Prepare: No preprocessing or cleaning required for this task
    
    # Process: Grouping the data by 'Product line' and calculating the average 'Rating'
    avg_rating = dfs[0].groupby('Product line')['Rating'].mean()
    
    # Analyze: Returning the average rating for each product line
    return {"type": "dataframe", "value": avg_rating}
```

2023-10-09 22:08:46 [INFO] 
Code running:
```
def analyze_data(dfs: list[pd.DataFrame]) ->dict:
    """
    Analyze the data
    1. Prepare: Preprocessing and cleaning data if necessary
    2. Process: Manipulating data for analysis (grouping, filtering, aggregating, etc.)
    3. Analyze: Conducting the actual analysis (if the user asks to plot a chart save it to an image in temp_chart.png and do not show the chart.)
    At the end, return a dictionary of:
    - type (possible values "string", "number", "dataframe", "plot")
    - value (can be a string, a dataframe or the path of the plot, NOT a dictionary)
    Examples: 
        { "type": "string", "value": "The highest salary is $9,000." }
        or
        { "type": "number", "value": 125 }
        or
        { "type": "dataframe", "value": pd.DataFrame({...}) }
        or
        { "type": "plot", "value": "temp_chart.png" }
    """
    avg_rating = dfs[0].groupby('Product line')['Rating'].mean()
    return {'type': 'dataframe', 'value': avg_rating}
        ```
2023-10-09 22:08:46 [INFO] Answer: {'type': 'dataframe', 'value': Product line
Electronic accessories    6.924706
Fashion accessories       7.029213
Food and beverages        7.113218
Health and beauty         7.003289
Home and lifestyle        6.837500
Sports and travel         6.916265
Name: Rating, dtype: float64}
2023-10-09 22:08:46 [INFO] Executed in: 43.128435373306274s
2023-10-09 22:09:20 [INFO] Question: plot the bar chart for product lines against each it total sales
2023-10-09 22:09:20 [INFO] Running PandasAI with openai LLM...
2023-10-09 22:09:20 [INFO] Prompt ID: ec3b95a5-03df-4098-86af-5fc8d176c27a
2023-10-09 22:09:20 [INFO] Using prompt: 
You are provided with the following pandas DataFrames:

<dataframe>
Dataframe dfs[0], with 1000 rows and 17 columns.
This is the metadata of the dataframe dfs[0]:
Invoice ID,Branch,City,Customer type,Gender,Product line,Unit price,Quantity,Tax 5%,Total,Date,Time,Payment,cogs,gross margin percentage,gross income,Rating
373-73-7910,A,Yangon,Normal,Male,Sports and travel,86.31,7,30.2085,634.3785,2/8/2019,10:37,Ewallet,604.17,4.761904762,30.2085,5.3
631-41-3108,A,Yangon,Normal,Male,Home and lifestyle,46.33,7,16.2155,340.5255,3/3/2019,13:23,Credit card,324.31,4.761904762,16.2155,7.4
750-67-8428,A,Yangon,Member,Female,Health and beauty,74.69,7,26.1415,548.9715,1/5/2019,13:08,Ewallet,522.83,4.761904762,26.1415,9.1
226-31-3081,C,Naypyitaw,Normal,Female,Electronic accessories,15.28,5,3.82,80.22,3/8/2019,10:29,Cash,76.4,4.761904762,3.82,9.6
123-19-1176,A,Yangon,Member,Male,Health and beauty,58.22,8,23.288,489.048,1/27/2019,20:33,Ewallet,465.76,4.761904762,23.288,8.4
</dataframe>

<conversation>
User 1: plot the bar chart for product lines against each it total sales
</conversation>

This is the initial python code to be updated:
```python
# TODO import all the dependencies required
import pandas as pd

def analyze_data(dfs: list[pd.DataFrame]) -> dict:
    """
    Analyze the data
    1. Prepare: Preprocessing and cleaning data if necessary
    2. Process: Manipulating data for analysis (grouping, filtering, aggregating, etc.)
    3. Analyze: Conducting the actual analysis (if the user asks to plot a chart save it to an image in temp_chart.png and do not show the chart.)
    At the end, return a dictionary of:
    - type (possible values "string", "number", "dataframe", "plot")
    - value (can be a string, a dataframe or the path of the plot, NOT a dictionary)
    Examples: 
        { "type": "string", "value": "The highest salary is $9,000." }
        or
        { "type": "number", "value": 125 }
        or
        { "type": "dataframe", "value": pd.DataFrame({...}) }
        or
        { "type": "plot", "value": "temp_chart.png" }
    """
```

Using the provided dataframes (`dfs`), update the python code based on the last question in the conversation.

Updated code:

2023-10-09 22:10:12 [INFO] Code generated:
```
# TODO import all the dependencies required
import pandas as pd
import matplotlib.pyplot as plt

def analyze_data(dfs: list[pd.DataFrame]) -> dict:
    """
    Analyze the data
    1. Prepare: Preprocessing and cleaning data if necessary
    2. Process: Manipulating data for analysis (grouping, filtering, aggregating, etc.)
    3. Analyze: Conducting the actual analysis (if the user asks to plot a chart save it to an image in temp_chart.png and do not show the chart.)
    At the end, return a dictionary of:
    - type (possible values "string", "number", "dataframe", "plot")
    - value (can be a string, a dataframe or the path of the plot, NOT a dictionary)
    Examples: 
        { "type": "string", "value": "The highest salary is $9,000." }
        or
        { "type": "number", "value": 125 }
        or
        { "type": "dataframe", "value": pd.DataFrame({...}) }
        or
        { "type": "plot", "value": "temp_chart.png" }
    """
    # Prepare: No preprocessing or cleaning required
    
    # Process: Grouping the data by product line and calculating the total sales
    product_sales = dfs[0].groupby('Product line')['Total'].sum().reset_index()
    
    # Analyze: Plotting the bar chart for product lines against their total sales
    plt.figure(figsize=(10, 6))
    plt.bar(product_sales['Product line'], product_sales['Total'])
    plt.xlabel('Product Line')
    plt.ylabel('Total Sales')
    plt.title('Total Sales by Product Line')
    plt.xticks(rotation=45)
    plt.savefig('temp_chart.png')
    plt.close()
    
    # Return the path of the plot
    return {"type": "plot", "value": "temp_chart.png"}
```

2023-10-09 22:10:12 [INFO] 
Code running:
```
def analyze_data(dfs: list[pd.DataFrame]) ->dict:
    """
    Analyze the data
    1. Prepare: Preprocessing and cleaning data if necessary
    2. Process: Manipulating data for analysis (grouping, filtering, aggregating, etc.)
    3. Analyze: Conducting the actual analysis (if the user asks to plot a chart save it to an image in temp_chart.png and do not show the chart.)
    At the end, return a dictionary of:
    - type (possible values "string", "number", "dataframe", "plot")
    - value (can be a string, a dataframe or the path of the plot, NOT a dictionary)
    Examples: 
        { "type": "string", "value": "The highest salary is $9,000." }
        or
        { "type": "number", "value": 125 }
        or
        { "type": "dataframe", "value": pd.DataFrame({...}) }
        or
        { "type": "plot", "value": "temp_chart.png" }
    """
    product_sales = dfs[0].groupby('Product line')['Total'].sum().reset_index()
    plt.figure(figsize=(10, 6))
    plt.bar(product_sales['Product line'], product_sales['Total'])
    plt.xlabel('Product Line')
    plt.ylabel('Total Sales')
    plt.title('Total Sales by Product Line')
    plt.xticks(rotation=45)
    plt.savefig('temp_chart.png')
    plt.close()
    return {'type': 'plot', 'value': 'temp_chart.png'}
        ```
2023-10-09 22:10:12 [INFO] Answer: {'type': 'plot', 'value': 'temp_chart.png'}
2023-10-09 22:10:12 [INFO] Executed in: 51.86314368247986s
2023-10-09 22:48:12 [INFO] Question: plot the bar chart for prouct lines with respect to its sales
2023-10-09 22:48:12 [INFO] Running PandasAI with openai LLM...
2023-10-09 22:48:12 [INFO] Prompt ID: 77ba0e6a-1fc9-4a02-9f3c-e0c591a2522f
2023-10-09 22:48:12 [INFO] Using prompt: 
You are provided with the following pandas DataFrames:

<dataframe>
Dataframe dfs[0], with 1000 rows and 17 columns.
This is the metadata of the dataframe dfs[0]:
Invoice ID,Branch,City,Customer type,Gender,Product line,Unit price,Quantity,Tax 5%,Total,Date,Time,Payment,cogs,gross margin percentage,gross income,Rating
226-31-3081,C,Naypyitaw,Normal,Female,Electronic accessories,15.28,5,3.82,80.22,3/8/2019,10:29,Cash,76.4,4.761904762,3.82,9.6
631-41-3108,A,Yangon,Normal,Male,Home and lifestyle,46.33,7,16.2155,340.5255,3/3/2019,13:23,Credit card,324.31,4.761904762,16.2155,7.4
123-19-1176,A,Yangon,Member,Male,Health and beauty,58.22,8,23.288,489.048,1/27/2019,20:33,Ewallet,465.76,4.761904762,23.288,8.4
750-67-8428,A,Yangon,Member,Female,Health and beauty,74.69,7,26.1415,548.9715,1/5/2019,13:08,Ewallet,522.83,4.761904762,26.1415,9.1
373-73-7910,A,Yangon,Normal,Male,Sports and travel,86.31,7,30.2085,634.3785,2/8/2019,10:37,Ewallet,604.17,4.761904762,30.2085,5.3
</dataframe>

<conversation>
User 1: plot the bar chart for prouct lines with respect to its sales
</conversation>

This is the initial python code to be updated:
```python
# TODO import all the dependencies required
import pandas as pd

def analyze_data(dfs: list[pd.DataFrame]) -> dict:
    """
    Analyze the data
    1. Prepare: Preprocessing and cleaning data if necessary
    2. Process: Manipulating data for analysis (grouping, filtering, aggregating, etc.)
    3. Analyze: Conducting the actual analysis (if the user asks to plot a chart save it to an image in temp_chart.png and do not show the chart.)
    At the end, return a dictionary of:
    - type (possible values "string", "number", "dataframe", "plot")
    - value (can be a string, a dataframe or the path of the plot, NOT a dictionary)
    Examples: 
        { "type": "string", "value": "The highest salary is $9,000." }
        or
        { "type": "number", "value": 125 }
        or
        { "type": "dataframe", "value": pd.DataFrame({...}) }
        or
        { "type": "plot", "value": "temp_chart.png" }
    """
```

Using the provided dataframes (`dfs`), update the python code based on the last question in the conversation.

Updated code:

2023-10-09 22:48:58 [INFO] Code generated:
```
# TODO import all the dependencies required
import pandas as pd
import matplotlib.pyplot as plt

def analyze_data(dfs: list[pd.DataFrame]) -> dict:
    """
    Analyze the data
    1. Prepare: Preprocessing and cleaning data if necessary
    2. Process: Manipulating data for analysis (grouping, filtering, aggregating, etc.)
    3. Analyze: Conducting the actual analysis (if the user asks to plot a chart save it to an image in temp_chart.png and do not show the chart.)
    At the end, return a dictionary of:
    - type (possible values "string", "number", "dataframe", "plot")
    - value (can be a string, a dataframe or the path of the plot, NOT a dictionary)
    Examples: 
        { "type": "string", "value": "The highest salary is $9,000." }
        or
        { "type": "number", "value": 125 }
        or
        { "type": "dataframe", "value": pd.DataFrame({...}) }
        or
        { "type": "plot", "value": "temp_chart.png" }
    """
    # Prepare
    df = dfs[0].copy()
    
    # Process
    product_sales = df.groupby('Product line')['Total'].sum().reset_index()
    
    # Analyze
    plt.figure(figsize=(10, 6))
    plt.bar(product_sales['Product line'], product_sales['Total'])
    plt.xlabel('Product Line')
    plt.ylabel('Sales')
    plt.title('Product Line Sales')
    plt.xticks(rotation=45)
    plt.savefig('temp_chart.png')
    plt.close()
    
    return {"type": "plot", "value": "temp_chart.png"}
```

2023-10-09 22:48:58 [INFO] 
Code running:
```
def analyze_data(dfs: list[pd.DataFrame]) ->dict:
    """
    Analyze the data
    1. Prepare: Preprocessing and cleaning data if necessary
    2. Process: Manipulating data for analysis (grouping, filtering, aggregating, etc.)
    3. Analyze: Conducting the actual analysis (if the user asks to plot a chart save it to an image in temp_chart.png and do not show the chart.)
    At the end, return a dictionary of:
    - type (possible values "string", "number", "dataframe", "plot")
    - value (can be a string, a dataframe or the path of the plot, NOT a dictionary)
    Examples: 
        { "type": "string", "value": "The highest salary is $9,000." }
        or
        { "type": "number", "value": 125 }
        or
        { "type": "dataframe", "value": pd.DataFrame({...}) }
        or
        { "type": "plot", "value": "temp_chart.png" }
    """
    df = dfs[0].copy()
    product_sales = df.groupby('Product line')['Total'].sum().reset_index()
    plt.figure(figsize=(10, 6))
    plt.bar(product_sales['Product line'], product_sales['Total'])
    plt.xlabel('Product Line')
    plt.ylabel('Sales')
    plt.title('Product Line Sales')
    plt.xticks(rotation=45)
    plt.savefig('temp_chart.png')
    plt.close()
    return {'type': 'plot', 'value': 'temp_chart.png'}
        ```
2023-10-09 22:48:58 [INFO] Answer: {'type': 'plot', 'value': 'temp_chart.png'}
2023-10-09 22:48:58 [INFO] Executed in: 46.208961725234985s
